FID	U_DN_PPM	POINT_X	POINT_Y
352	1,4	-77,7279	34,6942
353	4,1	-78,1468	34,7009
355	1,5	-77,687	34,7032
358	145,6	-78,3409	34,7058
361	1,8	-77,7365	34,7073
362	7,1	-78,6112	34,7074
363	18	-77,0187	34,7074
365	14,2	-77,958	34,7099
366	4,7	-78,0113	34,7102
367	1,6	-77,2742	34,7104
368	9,8	-78,46	34,7108
369	19,3	-78,2799	34,7109
373	3,7	-78,1795	34,7145
374	2,2	-77,6614	34,7158
375	1,2	-76,9778	34,7159
377	1,6	-77,482	34,7165
378	51,7	-78,2554	34,7171
379	2,6	-78,0714	34,7173
380	2,6	-77,2162	34,7193
382	10,9	-78,1118	34,7237
383	2,1	-77,6107	34,7241
388	1,4	-77,1632	34,7282
390	3,2	-77,0812	34,7287
393	3,9	-78,1483	34,7304
394	2,7	-76,9342	34,7311
397	9,3	-78,0145	34,7327
399	1,5	-77,5814	34,7356
400	6,4	-78,5772	34,7369
403	5	-78,4098	34,7403
404	1,8	-77,7436	34,7412
406	2,2	-77,6493	34,7442
407	8	-78,1874	34,7443
408	6,8	-78,5058	34,7467
409	1,7	-77,239	34,7469
410	1,9	-77,5625	34,7486
413	1,4	-77,4803	34,7555
414	5,2	-78,3679	34,7572
415	2,5	-77,2893	34,7578
417	15,7	-78,2847	34,7588
418	2,4	-77,7028	34,7589
422	2,5	-77,7888	34,7645
423	3,3	-76,6561	34,7649
424	3,3	-77,1818	34,7652
425	11,7	-77,9332	34,7664
426	16,5	-78,0539	34,767
427	1,9	-77,7499	34,7675
430	2,7	-78,3302	34,7692
432	3,6	-76,7555	34,7737
433	1,3	-76,8829	34,7755
434	3,4	-77,1436	34,7761
435	3,5	-77,8304	34,7765
437	10,3	-78,1301	34,7782
438	4,7	-76,9344	34,7789
439	1,3	-77,331	34,7806
442	4,6	-77,6283	34,7822
443	1,9	-77,5236	34,7836
444	22,4	-78,0733	34,786
446	3,3	-78,5705	34,7868
450	2,7	-77,2902	34,7899
451	7,2	-78,5046	34,7916
452	4,3	-76,5556	34,7921
455	1	-76,7379	34,795
456	3,2	-78,0406	34,7964
457	26,5	-77,9125	34,7971
459	10,9	-78,3693	34,7974
460	4,9	-77,7897	34,7999
461	2,8	-77,217	34,8
464	2,4	-76,8325	34,8036
465	3,3	-76,9409	34,8045
466	1,2	-76,8903	34,8045
467	13,1	-77,9438	34,8062
471	19,6	-77,9779	34,8073
475	5,5	-78,1516	34,8132
476	14	-77,6489	34,8135
477	2,4	-77,5179	34,814
478	11	-78,4848	34,8158
480	3,3	-76,7111	34,8161
484	8,8	-78,0841	34,8183
486	2,2	-76,8541	34,8199
488	2,8	-77,4157	34,8204
490	7,4	-77,5878	34,8229
493	7,3	-78,2914	34,8245
495	14,7	-78,386	34,8255
499	24,4	-78,2604	34,8279
507	1,6	-77,6846	34,8302
513	3,3	-77,3449	34,8319
526	5,6	-78,5816	34,8375
527	39,8	-78,2322	34,8375
529	1,4	-77,1687	34,8376
533	8,3	-78,1246	34,8384
535	6,3	-77,5683	34,8386
538	2,9	-77,8018	34,8397
540	1,2	-77,4659	34,8398
548	7,3	-76,9564	34,8467
549	11,8	-78,439	34,8494
550	16,8	-78,5301	34,8496
551	5,5	-77,7585	34,8496
553	2,7	-77,2865	34,8512
555	1,5	-77,6209	34,8519
558	11,3	-78,5121	34,8526
560	3,6	-77,2323	34,8542
588	4,8	-78,0129	34,8657
589	1,3	-76,8469	34,8671
594	2,1	-77,7111	34,8681
599	4,6	-77,5842	34,8697
602	12,2	-78,2028	34,8709
603	2,9	-76,7446	34,8716
605	6,3	-78,4462	34,876
607	3,4	-77,6528	34,8776
615	2,4	-77,5208	34,8817
616	1,9	-77,1699	34,8827
619	1,6	-76,8257	34,8829
621	5	-77,8205	34,8839
622	2,5	-77,9786	34,8842
623	2	-76,9327	34,8847
624	33,8	-78,5528	34,8848
625	3	-77,7649	34,885
626	4,5	-77,9152	34,8859
629	30,8	-78,2976	34,8873
632	2,1	-77,2612	34,8894
638	8,6	-78,591	34,8917
651	3,6	-77,1375	34,8997
652	8,6	-78,5269	34,9004
653	13,6	-78,4324	34,9018
656	10,2	-78,2516	34,9027
669	10,4	-77,8313	34,9083
670	4,3	-77,9145	34,9086
671	3,7	-77,6249	34,9095
674	5,1	-78,1289	34,9102
681	7,5	-78,0371	34,9122
684	2,6	-77,2781	34,913
685	6,6	-77,9945	34,9137
691	2,7	-77,3149	34,9171
693	3,7	-78,6112	34,9201
696	11	-78,3921	34,9222
697	3,3	-76,6292	34,9232
698	6	-77,7152	34,9261
701	10,5	-77,0704	34,9277
702	34,8	-78,4505	34,9281
711	3,1	-76,9502	34,9312
715	5,6	-77,5806	34,9317
721	1,5	-77,5316	34,9349
731	4	-78,0473	34,9387
735	1,6	-77,6353	34,9396
736	2,1	-77,2908	34,9408
737	4,9	-77,3327	34,9424
755	3,6	-77,7518	34,9485
757	5,8	-78,1256	34,9488
761	18,2	-78,2288	34,9529
763	10	-77,0045	34,9538
766	5,6	-78,269	34,9549
774	4,3	-77,7227	34,957
777	47,9	-78,4347	34,9581
779	2,6	-76,661	34,9597
781	5	-78,1963	34,9607
782	7,4	-77,9381	34,9607
785	5,8	-77,9961	34,9618
786	2,7	-77,8016	34,963
794	4,7	-78,078	34,9659
795	1,9	-76,9591	34,9685
800	7	-78,1338	34,969
801	18	-78,3872	34,9699
802	2,4	-77,6365	34,9699
806	4,3	-77,2226	34,9739
807	8,2	-77,9552	34,9743
811	3	-77,2733	34,9763
812	4	-77,7767	34,9768
813	1,8	-76,9935	34,977
814	2,5	-77,183	34,9779
816	7,8	-77,8706	34,9809
819	5,4	-78,3576	34,9815
821	2,1	-78,1599	34,9847
831	1,2	-77,6665	34,9884
832	2,1	-77,4972	34,989
833	3,6	-78,0098	34,9892
834	4,3	-77,7457	34,9893
839	3,3	-77,3092	34,9905
849	19,5	-78,5002	34,9947
861	2,1	-77,5428	34,9972
865	1,7	-78,207	34,9988
878	2,7	-77,7153	35,0036
882	3	-77,0506	35,0051
890	31,1	-78,3851	35,0063
911	5,2	-78,4869	35,0121
915	2,4	-76,8041	35,0132
920	3,4	-78,6107	35,0141
926	24,2	-78,5714	35,0161
931	4	-78,1474	35,0174
951	7,1	-77,797	35,025
953	3,5	-77,8735	35,0255
960	13,8	-78,2709	35,027
964	2,5	-77,1357	35,0275
968	4,8	-77,9457	35,0283
975	4,7	-78,0089	35,0296
976	5,2	-78,0541	35,0297
979	3,4	-77,6212	35,0298
988	8,6	-78,198	35,0336
989	2	-77,2135	35,0339
993	5,5	-78,1443	35,0347
994	2,5	-77,3712	35,0347
996	7,2	-78,3834	35,035
998	2,2	-76,8061	35,0354
1003	2	-78,3574	35,037
1006	3,4	-77,3199	35,0379
1011	44,9	-78,4362	35,0393
1012	6	-78,2362	35,0407
1013	8,2	-77,8236	35,0407
1018	2,6	-76,8871	35,0426
1033	3,7	-78,0328	35,047
1034	2,2	-76,7395	35,047
1035	8,3	-78,5292	35,0495
1042	1,2	-77,0806	35,052
1047	3,1	-77,737	35,0565
1055	5,9	-78,1279	35,0585
1056	13,7	-78,3372	35,0592
1057	28,5	-78,5923	35,0593
1059	2,7	-76,6754	35,0602
1062	14,4	-78,0965	35,0618
1065	2,6	-77,689	35,0628
1070	2,6	-76,8762	35,0641
1074	3,1	-77,4979	35,0647
1076	12,2	-78,2009	35,0651
1085	3,4	-77,5904	35,0679
1102	1,7	-77,7731	35,0735
1109	3,1	-77,8472	35,0754
1112	11,8	-77,914	35,0758
1119	2,5	-77,5161	35,0779
1120	8,3	-77,0833	35,0779
1127	2,1	-77,313	35,0799
1132	2,6	-77,6427	35,0807
1133	13,2	-78,3291	35,0809
1158	6,7	-77,9923	35,0875
1159	4,8	-77,1493	35,0878
1161	2,6	-76,8578	35,088
1163	1,5	-77,2118	35,0882
1170	17,7	-78,3791	35,0902
1173	15,1	-78,0906	35,0907
1177	4,4	-76,7122	35,0924
1178	1,6	-77,5729	35,0928
1186	2,9	-77,9431	35,0954
1194	8,2	-78,2527	35,097
1195	5,1	-78,2232	35,0972
1196	1,6	-77,1071	35,0972
1198	2,4	-77,8198	35,0977
1199	3,7	-78,0101	35,0982
1210	2	-77,6303	35,1012
1215	9	-78,4734	35,1031
1222	2,4	-77,6688	35,1041
1225	6,4	-77,5012	35,1042
1226	3,1	-77,412	35,1042
1227	18,1	-78,6233	35,1043
1236	3,7	-77,723	35,1063
1243	5,9	-78,1838	35,1083
1244	1,6	-77,2113	35,1099
1245	3,3	-77,33	35,11
1251	8,1	-78,3442	35,1118
1253	5,6	-76,8506	35,1124
1267	13,5	-78,123	35,1182
1274	6,4	-77,3961	35,1207
1278	7,7	-76,7103	35,1212
1279	3	-78,3782	35,1213
1280	4,4	-77,8243	35,1213
1284	8	-78,5977	35,1221
1302	2,5	-77,4565	35,1268
1303	9,9	-78,1476	35,1269
1305	3,7	-78,0425	35,127
1306	3,3	-77,5855	35,127
1310	12,8	-78,5262	35,1274
1320	3,5	-77,8728	35,1302
1326	4,1	-78,4805	35,1322
1330	4	-77,3383	35,1329
1336	2,9	-77,9426	35,1342
1340	2,6	-76,9408	35,136
1349	6,4	-78,0757	35,1402
1350	5,1	-78,1458	35,1405
1351	3	-77,2412	35,1413
1352	2,5	-77,2182	35,1414
1353	1,9	-77,6686	35,1418
1364	6,5	-77,5086	35,1443
1366	1,2	-77,7582	35,1447
1367	1,5	-77,6113	35,1449
1377	2,2	-76,8822	35,1476
1380	2	-76,994	35,1488
1384	5,5	-77,0303	35,1493
1389	1,8	-77,864	35,1507
1393	3,1	-77,7049	35,1517
1395	5,7	-78,3195	35,1525
1396	3,1	-77,5328	35,153
1409	4,3	-78,4398	35,1566
1412	3,5	-78,2643	35,1569
1413	4,5	-77,5762	35,157
1418	2,6	-77,146	35,1583
1435	3,3	-77,4904	35,1628
1436	1,9	-76,8328	35,1628
1440	4,2	-77,9798	35,1636
1441	2,4	-76,7927	35,1637
1443	1,8	-77,1831	35,1646
1445	7,2	-77,3306	35,1649
1449	5,4	-78,2102	35,1672
1451	16,3	-78,1321	35,1677
1453	2,8	-78,5868	35,1684
1454	6	-78,3	35,1684
1455	4	-78,1742	35,1688
1478	4,3	-78,136	35,1737
1479	1,7	-77,7821	35,1743
1484	4	-77,7	35,1758
1497	2,4	-76,7695	35,1784
1504	3,5	-76,9612	35,1806
1506	4,7	-77,9396	35,1808
1507	3,1	-77,8842	35,1809
1511	10,3	-77,1882	35,1814
1517	5,5	-78,4552	35,1824
1525	1,5	-77,2887	35,1833
1532	20,7	-78,4069	35,1847
1547	5,4	-78,0458	35,1877
1550	2,8	-77,7711	35,1881
1571	7,1	-77,3665	35,1924
1580	1,5	-77,1587	35,1931
1582	10,7	-78,5741	35,1932
1619	3	-77,4725	35,1998
1620	3,9	-78,007	35,2001
1632	6,1	-78,3038	35,2014
1640	2	-77,8172	35,2035
1642	10,2	-78,3599	35,2038
1667	1,6	-77,7542	35,2086
1675	1,7	-77,2801	35,2094
1680	3,1	-77,5422	35,21
1692	5,2	-78,5425	35,2136
1693	3,1	-77,1827	35,2137
1694	4,8	-77,6825	35,2141
1695	3,3	-77,966	35,2143
1708	2,3	-78,2508	35,2165
1712	2	-76,993	35,2172
1717	2,9	-78,1209	35,2185
1721	10,6	-77,4248	35,2194
1729	4,6	-77,4763	35,221
1746	12	-77,8413	35,2234
1752	1,3	-77,2149	35,2257
1757	6,4	-78,2048	35,2272
1762	13	-78,5624	35,2287
1766	2,8	-77,3078	35,2294
1787	6,6	-78,3132	35,2321
1813	1,7	-77,0363	35,2361
1820	6,9	-78,1524	35,2372
1824	3,9	-78,0414	35,2374
1831	2	-76,9815	35,2392
1836	5,9	-78,0697	35,2419
1837	5,9	-77,5293	35,2422
1840	3,4	-78,452	35,2431
1846	2,7	-77,8215	35,2455
1849	0,9	-77,0668	35,246
1853	6,8	-77,4188	35,2472
1861	2,8	-78,5383	35,2491
1868	10,2	-77,1451	35,2503
1873	14,6	-77,9543	35,2513
1887	3,2	-77,701	35,2532
1891	4,7	-78,262	35,2542
1892	4,1	-77,9118	35,2542
1899	1	-76,8672	35,2564
1907	3	-78,5279	35,2575
1917	4,6	-77,3329	35,2599
1928	1,7	-77,0039	35,2612
1932	4,5	-76,8115	35,2615
1933	22,9	-77,9955	35,2622
1945	1,7	-77,4124	35,2641
1946	2,5	-77,805	35,2645
1948	5,4	-78,1581	35,2649
1964	3,9	-76,9619	35,2676
1967	8,7	-77,1523	35,2681
1978	2,9	-77,1107	35,2699
1986	2,6	-78,4215	35,2716
1993	6,4	-78,2148	35,2737
1994	2,8	-76,9017	35,2738
2001	4,9	-78,3752	35,2753
2024	9,5	-78,085	35,2797
2037	7,4	-77,8686	35,2822
2042	3,4	-76,7907	35,2838
2044	2,6	-78,4497	35,2843
2055	4,7	-78,2553	35,2863
2058	11,6	-76,5597	35,2867
2062	10,6	-78,4969	35,287
2075	2,6	-77,9876	35,29
2079	6	-77,8043	35,2908
2080	3,7	-78,3256	35,2909
2083	3,4	-78,3644	35,2913
2090	2,6	-76,6819	35,294
2114	8,5	-77,4209	35,2978
2116	5,2	-78,1317	35,2988
2117	1,7	-76,8808	35,2993
2124	4,8	-77,6957	35,3022
2150	4,2	-78,3318	35,3077
2154	2,9	-77,5686	35,3085
2161	3,9	-76,7126	35,3104
2170	2,6	-77,7714	35,3117
2173	3,2	-77,827	35,3123
2177	1,6	-77,619	35,3126
2195	2,4	-78,484	35,3158
2197	3,6	-78,038	35,3163
2198	2,4	-77,8138	35,3167
2205	5,8	-77,5317	35,3173
2208	2,3	-78,0097	35,3178
2216	14,4	-78,1105	35,3188
2235	3,1	-76,6576	35,3216
2245	6,4	-77,6752	35,3232
2247	4,2	-77,4119	35,324
2250	5,2	-78,4516	35,3244
2251	6,8	-76,8192	35,3244
2253	10,9	-77,2995	35,3259
2255	3,6	-76,8631	35,3261
2273	9,2	-77,9516	35,3292
2281	6,2	-78,1485	35,3308
2287	3	-78,1924	35,3326
2288	3,5	-78,6273	35,3327
2289	6,5	-78,2826	35,3329
2290	4,5	-78,5226	35,3333
2300	2,1	-76,9521	35,3344
2301	2,9	-77,7147	35,3347
2307	4,4	-77,2267	35,3358
2309	5,4	-78,3077	35,3359
2317	7,6	-78,2621	35,3374
2328	3,1	-77,5976	35,34
2335	8,8	-77,9033	35,3413
2353	3,4	-77,572	35,3429
2358	8,4	-78,3778	35,3444
2359	2,2	-77,7385	35,3444
2379	1,9	-78,283	35,3466
2382	2,2	-76,8957	35,3468
2393	3,3	-76,8344	35,3497
2402	2,4	-77,7683	35,3518
2423	3,9	-77,3593	35,3555
2432	1,9	-78,4404	35,3569
2435	4	-77,7963	35,3573
2442	4,3	-77,4429	35,3595
2444	8,1	-78,3944	35,3603
2452	1,9	-76,8709	35,361
2479	4,6	-78,4759	35,3654
2490	3	-77,5918	35,368
2491	4,1	-78,1977	35,3683
2514	3	-77,786	35,3735
2515	1,4	-76,9469	35,3735
2521	3,3	-77,1456	35,3752
2522	2,9	-77,5087	35,3753
2528	2,9	-76,9826	35,3759
2530	8,6	-78,3055	35,3763
2539	10,8	-77,3055	35,3777
2540	15,3	-77,3055	35,3777
2542	3,9	-77,3923	35,3779
2545	5,2	-78,5141	35,3781
2558	17,8	-77,8712	35,3807
2562	4,4	-77,5515	35,3814
2573	3,3	-77,1871	35,3837
2579	4,5	-78,3985	35,3843
2582	9,5	-78,3529	35,3844
2588	3,1	-78,3801	35,3851
2597	3,7	-78,5637	35,3866
2612	2,9	-76,8956	35,3893
2628	3,2	-78,1384	35,3913
2639	3,8	-78,0306	35,3934
2645	1	-77,1173	35,3942
2646	1,3	-77,6744	35,3943
2647	1,8	-78,1767	35,3944
2652	3,8	-78,4587	35,3951
2659	6,2	-78,1888	35,3963
2664	3	-77,3557	35,3972
2671	3,9	-78,5262	35,3983
2704	8,5	-78,4632	35,4055
2705	4,9	-78,3694	35,4055
2718	5,4	-78,2469	35,4077
2719	2,5	-77,5086	35,4077
2720	3,3	-77,0147	35,4077
2722	3,9	-77,5756	35,4083
2732	15,6	-77,8819	35,4098
2739	4,4	-77,6325	35,4121
2744	2,7	-77,724	35,413
2752	4	-78,5416	35,4139
2761	9,1	-78,088	35,4157
2772	3,6	-78,4124	35,4181
2783	2,9	-78,5746	35,4193
2790	3,1	-77,9509	35,4204
2798	3,9	-77,3764	35,4222
2807	5,3	-78,4799	35,4231
2829	3	-76,479	35,4254
2836	3,5	-77,3365	35,4271
2840	4,4	-78,5325	35,428
2856	5,1	-78,128	35,4304
2874	3,7	-77,1646	35,433
2878	2,3	-78,3879	35,4338
2881	9,7	-78,5092	35,4342
2884	3,7	-77,4241	35,4344
2890	1,5	-76,9303	35,4351
2891	7,8	-78,2234	35,4352
2894	3,1	-77,8005	35,4364
2895	3,9	-78,3719	35,4373
2909	3	-77,0452	35,4396
2910	2,9	-77,5678	35,4397
2914	2,9	-77,0912	35,4405
2934	12,2	-77,6019	35,4434
2937	1,7	-78,2059	35,4439
2938	2,4	-76,4884	35,4442
2944	2,3	-78,1387	35,4447
2945	2,6	-77,7634	35,4447
2965	3,5	-77,0163	35,4483
2968	3,3	-78,3019	35,4486
2973	4,4	-78,5855	35,4494
2980	0	-78,024	35,4504
2991	3,1	-77,2233	35,4522
2995	3,4	-78,2511	35,4528
3001	2,7	-76,6821	35,4536
3004	4,4	-78,4482	35,4542
3017	4,2	-77,8937	35,4565
3018	3,7	-77,701	35,4571
3037	3,7	-78,4773	35,4601
3045	3,4	-77,8418	35,462
3050	0,7	-78,5964	35,4633
3052	2,5	-78,2312	35,4636
3067	3,4	-77,2509	35,4668
3071	1,8	-77,0898	35,4671
3072	6,1	-76,6317	35,4671
3078	5,7	-78,5642	35,4677
3080	2,6	-77,2986	35,4682
3083	2,4	-78,3325	35,4693
3085	2,6	-78,0444	35,4698
3086	3,4	-77,5698	35,4698
3091	2,8	-77,5389	35,4707
3098	3,2	-77,355	35,4711
3103	3,4	-76,883	35,473
3107	5,7	-78,1859	35,4735
3112	10,4	-77,4717	35,474
3117	1,1	-78,2769	35,4752
3118	2,4	-77,7376	35,4752
3129	3,4	-76,669	35,4765
3136	2,9	-77,9111	35,4783
3140	4,3	-77,6481	35,4801
3144	2,5	-78,3444	35,481
3149	3,8	-78,2451	35,4821
3154	2,8	-78,1101	35,4829
3155	3	-77,9637	35,4829
3158	2,1	-76,474	35,4833
3169	4,6	-78,6259	35,4854
3170	4,8	-77,7903	35,4854
3173	3,8	-78,5828	35,4862
3198	5,1	-78,5534	35,489
3205	2,2	-78,4031	35,4896
3206	3,5	-76,7216	35,4899
3209	2	-77,8404	35,49
3216	1,4	-78,5036	35,4919
3224	2,1	-77,6938	35,4934
3226	3,5	-78,4586	35,4941
3234	3,7	-78,5263	35,4954
3235	3,4	-76,8291	35,4956
3239	3,4	-77,1656	35,4965
3244	2	-76,7598	35,4971
3248	3,5	-77,4892	35,498
3259	17,8	-78,2295	35,5012
3267	3,4	-78,5969	35,5025
3269	3,1	-78,616	35,5035
3270	4,3	-77,0879	35,5036
3277	16,3	-78,1132	35,5061
3282	4	-77,3117	35,507
3292	4	-77,6283	35,5086
3293	2,1	-77,7161	35,5095
3310	1,6	-76,8896	35,5118
3317	1,9	-77,9824	35,5124
3332	4,5	-77,4337	35,5147
3334	2,5	-78,1786	35,5155
3335	3,3	-78,4703	35,5156
3344	2,7	-78,1966	35,5173
3347	2,2	-76,6726	35,5176
3353	4,4	-78,052	35,5182
3355	3,5	-77,8792	35,5193
3361	2,8	-77,2366	35,5202
3371	3	-77,8005	35,5223
3376	2,8	-76,8095	35,5233
3386	2,3	-78,135	35,5246
3387	0,5	-78,5418	35,5248
3410	2	-78,4385	35,5286
3412	1,5	-77,5048	35,5292
3414	1,5	-78,2578	35,5294
3419	2,8	-77,5622	35,5302
3426	3,9	-76,9884	35,5312
3432	4,8	-77,6553	35,5318
3436	2,6	-77,134	35,5329
3441	2,3	-78,4986	35,5335
3444	4,1	-77,2275	35,534
3445	2,5	-77,1872	35,534
3451	3,1	-78,2258	35,5348
3492	3,2	-78,1422	35,5421
3493	2,6	-78,5658	35,5422
3501	2,5	-76,8473	35,5436
3512	2,5	-78,2942	35,5457
3516	1,8	-77,0232	35,5463
3522	3	-77,7412	35,5473
3523	3,6	-77,9148	35,5475
3530	5,5	-78,0609	35,5494
3531	3,3	-78,4741	35,5497
3535	2,7	-78,5212	35,551
3536	4,5	-77,8287	35,5511
3537	3,2	-76,7059	35,5513
3550	1,4	-78,2193	35,5531
3551	2,8	-76,9583	35,5532
3552	7,8	-78,5902	35,5535
3553	3,3	-77,3785	35,5535
3567	1,7	-76,9209	35,5574
3568	2	-78,3999	35,5581
3570	3,4	-77,3246	35,5583
3574	4,4	-78,0217	35,5592
3582	3,4	-76,5843	35,5601
3588	0,6	-77,271	35,5607
3591	5,3	-78,1271	35,5615
3605	1,8	-78,3728	35,5638
3609	2,4	-77,5718	35,5644
3612	3	-78,2466	35,5645
3620	2,9	-78,3011	35,5657
3629	1,7	-78,4584	35,5673
3632	4,2	-78,081	35,5675
3635	2,8	-77,4836	35,5677
3639	3,5	-77,8802	35,5685
3662	5,6	-76,7637	35,5723
3665	5,6	-77,8071	35,5731
3670	8,2	-78,5125	35,5737
3681	7,8	-78,4274	35,5761
3682	3,4	-76,9305	35,5764
3685	1,7	-77,3244	35,5767
3690	5,4	-78,4851	35,578
3692	20,8	-78,0497	35,5784
3699	2,8	-77,7638	35,5798
3705	3,2	-77,6337	35,5822
3706	8,6	-78,0775	35,5827
3711	1,2	-78,3669	35,5836
3712	7,2	-77,9761	35,5838
3715	3,9	-77,0056	35,5847
3717	2,1	-78,1371	35,5851
3719	1,8	-76,4849	35,5854
3722	3,4	-77,9329	35,5857
3725	1,8	-76,839	35,5862
3729	2,2	-77,0637	35,5863
3733	2,4	-76,8686	35,5876
3742	2,6	-78,3526	35,5886
3749	3	-78,3977	35,5894
3753	1,9	-77,4097	35,5901
3757	3,1	-77,8907	35,591
3759	0	-77,8445	35,5913
3760	7	-77,8445	35,5913
3768	3	-78,5876	35,5923
3769	2,2	-78,2375	35,5928
3773	1,5	-77,5265	35,593
3782	4,7	-78,164	35,5941
3792	3,2	-77,7967	35,595
3801	3,1	-77,8741	35,5966
3806	3	-78,0129	35,5975
3815	1,7	-77,1097	35,5999
3829	3,5	-76,7306	35,6029
3833	2,1	-77,683	35,6043
3835	1,6	-76,5322	35,6051
3842	2,8	-78,4679	35,606
3849	2,6	-77,9526	35,6069
3855	6,4	-78,0559	35,6079
3856	2,7	-77,5488	35,6079
3866	2,6	-77,5081	35,6087
3880	3,1	-77,709	35,6112
3888	4	-78,5477	35,612
3895	2,3	-78,2328	35,6132
3897	4,2	-77,9215	35,6134
3899	2,8	-77,6483	35,6139
3910	2,8	-78,15	35,6159
3916	2,3	-78,4447	35,6183
3917	4,5	-78,2917	35,6184
3927	4,2	-77,9941	35,6204
3928	2,9	-78,1266	35,6206
3934	5,6	-77,422	35,6216
3962	2,6	-77,6063	35,6271
3968	5,2	-76,8548	35,6282
3974	3,7	-77,7999	35,6296
3976	1,6	-77,1078	35,6306
3981	2,7	-77,0598	35,6318
3986	2,4	-78,3184	35,6324
3994	1,4	-78,2528	35,6349
3996	11,5	-78,1018	35,6353
3997	6,5	-78,06	35,6355
3999	4,3	-77,2779	35,6357
4000	1,8	-78,4848	35,6359
4007	2,4	-78,521	35,6369
4009	1,6	-77,7549	35,6374
4039	0	-77,9299	35,6422
4040	26,5	-77,9299	35,6422
4044	4,8	-78,0283	35,6425
4046	25,3	-77,3471	35,6429
4047	2,1	-77,8097	35,643
4054	0	-77,9718	35,6449
4055	17,4	-77,9718	35,6449
4056	3,2	-78,1783	35,6452
4060	3	-77,5221	35,6456
4063	1,5	-77,0073	35,6468
4068	3,9	-77,8888	35,6474
4075	2,5	-78,404	35,6493
4076	3,6	-77,6779	35,6493
4081	1,8	-77,7068	35,6505
4086	6,1	-78,3682	35,652
4100	2,8	-77,8516	35,6539
4104	4,5	-78,4806	35,6545
4110	11,4	-78,0612	35,6559
4129	3,9	-77,552	35,6583
4132	4,1	-78,2942	35,6589
4138	2,1	-78,4434	35,6603
4141	3,2	-78,1587	35,6606
4142	6,3	-78,013	35,6614
4146	4,1	-78,5996	35,6625
4147	5,8	-77,996	35,6625
4149	2,7	-78,2453	35,6626
4151	2	-78,3383	35,6628
4161	2,4	-77,6338	35,6649
4162	6,3	-77,4005	35,6652
4170	2,5	-77,7222	35,6674
4178	3,2	-77,2648	35,6692
4179	5,8	-78,2096	35,6696
4180	2,2	-78,5494	35,6705
4198	2,1	-78,4196	35,6726
4207	2,2	-77,4385	35,6748
4208	3	-77,1531	35,6748
4221	3,3	-77,7867	35,6779
4222	1,8	-77,0752	35,6779
4227	32,4	-78,0999	35,679
4232	3,3	-78,1685	35,68
4236	33	-78,0612	35,6806
4244	2,4	-77,8243	35,6818
4245	1,6	-77,602	35,682
4249	1,4	-77,1244	35,6827
4252	2	-77,7616	35,6834
4259	2,8	-78,1329	35,6849
4264	5,8	-77,506	35,6855
4280	3,4	-77,4178	35,6894
4287	1,9	-78,3688	35,6912
4299	4	-78,4799	35,693
4308	4,8	-78,3432	35,6944
4311	4,5	-77,3488	35,6961
4322	3,2	-77,8168	35,6979
4327	4	-78,3002	35,6997
4336	2,7	-78,2082	35,7009
4344	3,9	-78,4168	35,7023
4349	3,4	-78,0487	35,7032
4350	2,4	-77,2085	35,7034
4359	24,5	-78,1064	35,7047
4365	2,1	-77,7902	35,7055
4366	5,1	-77,7577	35,7055
4370	7,2	-77,57	35,7063
4388	2,6	-78,2389	35,7123
4389	2,2	-77,9955	35,7124
4390	6	-77,9955	35,7124
4411	5,5	-78,3432	35,7156
4414	2,4	-77,5357	35,7163
4431	2,6	-76,9818	35,7189
4434	8	-78,1403	35,7195
4435	3,8	-78,5268	35,7196
4437	6,8	-77,0371	35,72
4442	4	-77,2472	35,7208
4444	3,4	-77,4813	35,7217
4445	1,7	-77,6387	35,722
4446	2,4	-77,3274	35,722
4450	3,3	-77,6926	35,7225
4453	4,1	-78,019	35,7233
4458	1,4	-77,5994	35,7236
4475	2	-76,9543	35,7261
4477	2,9	-78,2143	35,7267
4480	3,7	-78,5137	35,7271
4488	7,5	-78,478	35,7309
4490	4,5	-78,3082	35,731
4493	1,4	-78,2779	35,7318
4494	4,7	-78,168	35,7319
4496	27,4	-78,0979	35,7325
4513	1,9	-78,2296	35,7349
4531	2,2	-77,0676	35,7378
4542	1,8	-77,1237	35,7396
4544	57	-78,0763	35,7398
4550	3,1	-77,8911	35,7422
4573	3,9	-77,2984	35,7468
4576	8,7	-78,4922	35,7472
4577	4,4	-78,467	35,7472
4578	1,4	-77,7077	35,7472
4582	2,8	-77,3863	35,7475
4583	4,9	-77,8145	35,7481
4585	5,1	-78,3598	35,7483
4587	5,9	-78,5354	35,7498
4591	7,6	-78,2965	35,7508
4596	1,9	-77,9596	35,7515
4604	6	-78,4127	35,7531
4608	4,1	-77,1623	35,7535
4611	1,7	-78,1659	35,7542
4622	2,1	-77,6705	35,7573
4631	2,6	-76,9236	35,7595
4632	1,7	-76,9236	35,7595
4633	4,1	-77,8602	35,7597
4637	2,4	-77,7809	35,7601
4651	3,3	-77,5526	35,7617
4660	13	-78,2437	35,7639
4677	2,1	-77,0229	35,7671
4679	3,3	-77,4931	35,7674
4699	3,9	-78,3123	35,7698
4702	3	-78,2043	35,771
4703	3,3	-77,7486	35,7715
4714	6,8	-77,8326	35,7737
4716	2,8	-78,1607	35,774
4717	8,9	-78,3843	35,7741
4718	28,1	-78,0287	35,7741
4722	2,8	-77,4638	35,7753
4723	1,9	-78,2779	35,7755
4726	1,3	-78,2008	35,7762
4735	4,6	-78,1342	35,7779
4736	3	-77,0477	35,7781
4739	17	-78,0174	35,7791
4740	4	-77,8753	35,7794
4745	4,7	-78,1449	35,7808
4746	12,7	-78,0526	35,7808
4748	7,1	-78,3271	35,7815
4749	3,9	-77,6202	35,7816
4752	3,7	-77,5656	35,7822
4761	4,3	-77,3407	35,7834
4762	4	-76,9063	35,7841
4763	3,8	-76,9063	35,7841
4768	6,6	-77,1488	35,7859
4770	2,9	-77,9491	35,7862
4800	2,7	-77,2946	35,7905
4804	7,4	-77,8452	35,7918
4806	3	-77,7299	35,7919
4814	2,5	-76,9495	35,7928
4815	2,7	-77,1046	35,7931
4819	13,5	-78,0686	35,794
4820	3,3	-77,3734	35,7941
4825	19,8	-78,0232	35,795
4860	3,2	-76,8792	35,8004
4861	4,1	-76,8792	35,8004
4866	46,4	-77,9359	35,8029
4867	2,1	-77,3005	35,803
4877	6,8	-78,3756	35,8045
4881	2,4	-78,1782	35,805
4889	7,3	-77,9621	35,8071
4896	3,4	-77,4893	35,8086
4909	2,6	-78,236	35,8111
4911	1,6	-78,2694	35,8112
4912	8,2	-77,9185	35,8112
4927	4,8	-77,703	35,8143
4929	2,8	-77,2653	35,8154
4931	2,8	-77,7495	35,8161
4934	2,2	-77,789	35,8167
4936	3,7	-77,8686	35,817
4938	4,1	-78,5014	35,8175
4939	3,9	-77,088	35,8178
4948	3,7	-77,6598	35,8193
4949	2,7	-77,2165	35,8197
4952	1,6	-78,0629	35,8204
4955	12,3	-77,9965	35,8207
4966	2,8	-77,8394	35,8218
4969	3,6	-78,141	35,822
4970	3	-76,7365	35,8221
4976	2,1	-76,8365	35,8237
4998	8,6	-78,0026	35,8296
5016	4	-78,1847	35,8323
5029	2,9	-77,8874	35,8344
5038	1,9	-77,4139	35,8361
5041	4,6	-76,5954	35,8367
5042	5,2	-78,3609	35,8369
5043	4,3	-77,2141	35,8369
5048	1,8	-77,7027	35,8379
5054	4,3	-77,8361	35,8386
5055	4,3	-78,2719	35,8391
5056	9	-77,3685	35,8392
5057	12,9	-78,5416	35,8394
5058	1,9	-77,2944	35,8398
5059	2,6	-77,2944	35,8398
5064	3,9	-77,572	35,8402
5073	2,6	-77,7619	35,8415
5075	1,8	-76,4644	35,8422
5076	7,7	-78,3786	35,8423
5078	2,2	-77,1401	35,8432
5092	10,2	-78,0953	35,8445
5106	8,1	-77,8531	35,8461
5115	2,9	-77,4758	35,8474
5117	2,5	-78,1757	35,8485
5118	4	-78,3749	35,8487
5119	5,9	-78,0597	35,8488
5122	7,2	-76,7214	35,8493
5132	2,2	-77,8064	35,851
5150	8,2	-77,5279	35,8535
5151	1,8	-78,1532	35,8537
5156	2,5	-78,2334	35,8544
5159	3,3	-76,6281	35,8547
5162	4,5	-78,4771	35,8549
5174	6,6	-78,3676	35,8571
5175	3,4	-78,1005	35,8571
5180	4,1	-77,9648	35,8595
5183	3,4	-78,1967	35,8604
5192	1,9	-77,2458	35,8621
5193	2	-77,2458	35,8621
5194	3,9	-77,6522	35,8623
5203	3	-77,4436	35,8642
5208	1,4	-78,2282	35,8652
5209	9,9	-78,2977	35,8654
5225	10,3	-78,2826	35,8698
5232	9,9	-78,2782	35,8711
5233	1,7	-77,3934	35,8711
5239	12,6	-78,2051	35,8721
5240	2,1	-78,1625	35,8721
5245	3,4	-77,7964	35,8739
5246	1,7	-77,6945	35,8742
5248	8,8	-76,6612	35,8743
5251	4,1	-78,1949	35,875
5261	4	-77,1573	35,8763
5269	3,3	-77,7349	35,8774
5273	3,2	-77,2021	35,8775
5278	4,3	-78,5474	35,8796
5298	3,9	-76,6254	35,8833
5320	6,2	-78,5623	35,8877
5337	3,6	-77,2495	35,8911
5353	5,9	-77,8572	35,895
5359	3,2	-78,0443	35,8961
5360	8,9	-77,9915	35,8961
5363	1,6	-77,6129	35,8963
5369	2,9	-76,6021	35,8973
5373	5,8	-76,8861	35,8977
5374	10,8	-78,3324	35,8983
5411	4,4	-77,4013	35,9044
5414	10,8	-77,9954	35,9046
5417	55,1	-78,3168	35,905
5422	4,7	-78,5249	35,9063
5424	2,3	-78,2224	35,907
5425	2,5	-77,6671	35,9072
5426	6,6	-76,9204	35,9072
5427	3,4	-77,7562	35,9078
5432	3,4	-77,4889	35,9084
5439	4,7	-78,377	35,9091
5441	1,9	-76,5397	35,9095
5455	1,1	-78,6234	35,912
5467	0,9	-77,368	35,9147
5468	2,4	-78,0477	35,9148
5469	4,4	-78,5057	35,9152
5471	3,2	-78,39	35,9155
5479	3,3	-76,4911	35,9172
5486	4	-78,1698	35,9187
5489	15,6	-78,5336	35,9189
5493	2,9	-77,2753	35,9193
5504	3,5	-77,1904	35,9213
5513	3,6	-78,6032	35,9241
5519	8,2	-78,0482	35,9246
5527	4,5	-77,8792	35,9262
5530	9,8	-78,2587	35,9275
5531	2	-76,5735	35,9279
5542	1,7	-78,6064	35,9297
5551	5,2	-77,554	35,9309
5555	2,5	-76,5119	35,9314
5562	8,6	-78,4113	35,9329
5568	3,6	-77,7319	35,9333
5572	44,2	-78,3437	35,9337
5575	1,2	-77,6113	35,934
5578	2,5	-76,7938	35,9345
5583	15,6	-78,4798	35,9349
5585	2,7	-76,7525	35,9354
5586	5,1	-77,2946	35,9362
5593	21,9	-77,8576	35,9373
5596	4,9	-78,5052	35,9377
5600	7,2	-78,4833	35,9381
5601	3	-76,9794	35,9384
5609	8,2	-78,0004	35,9395
5618	4,2	-78,1479	35,9405
5626	3,4	-77,2173	35,9414
5635	16,1	-77,8717	35,9434
5637	30,2	-78,3217	35,9441
5644	5,6	-77,9596	35,9463
5657	4,4	-77,4749	35,9484
5660	12,7	-78,5073	35,9498
5663	5,7	-77,9424	35,9505
5672	2,4	-78,0898	35,9527
5674	2,2	-77,4128	35,9529
5678	5,2	-78,3885	35,9537
5679	6,5	-78,0137	35,9537
5695	6,7	-78,1426	35,9554
5696	2,9	-76,8691	35,9555
5709	3,5	-76,7861	35,958
5713	3,5	-78,1274	35,9586
5727	6,5	-78,4067	35,9604
5732	10,9	-77,898	35,9614
5733	5,4	-78,4849	35,9622
5745	2,4	-77,096	35,9631
5747	2,7	-78,5996	35,9637
5757	23,3	-78,2903	35,9658
5762	1,2	-78,156	35,9661
5774	4,7	-78,489	35,9668
5787	3,5	-77,2754	35,9685
5792	5,1	-77,6984	35,9698
5806	1,6	-77,3557	35,9724
5825	6	-77,5394	35,9752
5826	2,3	-78,0524	35,9753
5827	3,6	-77,4534	35,9753
5830	3,5	-77,7669	35,9774
5839	4,5	-78,5231	35,979
5858	17	-77,801	35,9815
5859	3,4	-77,0343	35,9816
5865	30,6	-77,9628	35,9825
5867	7,3	-77,8216	35,9826
5871	1,6	-77,416	35,984
5883	13,2	-78,4163	35,9866
5884	17,2	-78,2423	35,9866
5893	3,4	-76,7078	35,9884
5898	11	-77,8615	35,9902
5902	6,5	-78,0808	35,992
5909	13,7	-78,1403	35,9929
5911	7,7	-78,1546	35,9935
5912	12,5	-77,8955	35,9935
5917	3,3	-76,7602	35,9945
5921	2	-78,5354	35,9951
5932	3	-77,4735	35,9966
5935	27,5	-78,3116	35,9977
5936	8,2	-77,9433	35,9977
5941	2,5	-77,7196	35,9983
5943	14,6	-77,7878	35,9996
5954	4,1	-77,6444	36,0005
5955	3,1	-77,3433	36,0006
5966	2,4	-77,1254	36,0025
5987	4,9	-78,3639	36,0042
5988	5,2	-78,3639	36,0042
6001	2,7	-77,5259	36,0071
6008	3,7	-78,0071	36,0087
6009	3,8	-78,0071	36,0087
6016	1,8	-76,8283	36,0096
6032	4	-78,0359	36,0117
6033	4,2	-78,0359	36,0117
6034	7,1	-78,1946	36,012
6035	7,5	-78,1946	36,012
6036	2,3	-78,623	36,0121
6037	2,5	-78,623	36,0121
6038	5	-77,8116	36,0124
6041	2,6	-77,2999	36,0132
6045	2,4	-77,4599	36,0143
6050	1,9	-78,6271	36,0148
6051	2	-78,6271	36,0148
6055	7,7	-78,4913	36,0153
6056	8,1	-78,4913	36,0153
6059	5,4	-77,5723	36,0159
6068	0	-77,9353	36,0165
6075	2,6	-76,5255	36,0176
6114	3,1	-78,5199	36,0242
6115	3,3	-78,5199	36,0242
6121	10,5	-78,291	36,0251
6122	11,1	-78,291	36,0251
6127	1,9	-78,6138	36,0258
6128	2	-78,6138	36,0258
6129	2,3	-76,9828	36,0263
6130	2,2	-77,6063	36,0265
6133	8,9	-78,1362	36,0273
6134	9,4	-78,1362	36,0273
6135	1,8	-78,5989	36,0274
6136	1,9	-78,5989	36,0274
6139	10,2	-78,1062	36,0284
6145	17,1	-78,0772	36,0301
6146	18	-78,0772	36,0301
6147	1,9	-77,9612	36,0301
6152	8,8	-77,7674	36,0308
6167	5,4	-77,7514	36,0332
6170	0	-77,0204	36,0334
6175	2,6	-76,5025	36,0337
6180	5,2	-77,1481	36,0341
6205	7,6	-77,7985	36,0386
6206	6,5	-78,4332	36,0388
6207	6,8	-78,4332	36,0388
6208	49,5	-78,0556	36,0404
6209	52,1	-78,0556	36,0404
6210	6,7	-78,3903	36,0407
6211	7	-78,3903	36,0407
6216	10,5	-78,0592	36,0411
6217	11	-78,0592	36,0411
6218	10	-78,0124	36,0411
6219	12,5	-78,0124	36,0411
6220	27,8	-78,2062	36,0417
6221	29,3	-78,2062	36,0417
6222	6,1	-77,4033	36,0423
6232	8	-78,3343	36,0434
6233	8,4	-78,3343	36,0434
6235	30,9	-77,9306	36,0441
6236	1,7	-77,3326	36,0441
6245	4,6	-77,7566	36,0454
6250	2,3	-78,5686	36,0463
6251	2,4	-78,5686	36,0463
6256	9,5	-78,2461	36,0468
6257	10	-78,2461	36,0468
6264	11,8	-77,9994	36,0482
6275	3	-76,5796	36,0493
6278	3,1	-77,3855	36,0503
6289	10,5	-78,1052	36,0515
6290	11	-78,1052	36,0515
6291	1,4	-78,5303	36,052
6292	1,5	-78,5303	36,052
6293	14,9	-78,3594	36,052
6294	15,7	-78,3594	36,052
6295	1,9	-78,5768	36,0525
6296	2	-78,5768	36,0525
6299	2,3	-77,5779	36,0536
6302	7	-78,0978	36,0538
6303	7,1	-78,0978	36,0538
6317	8,8	-78,1261	36,056
6318	9,2	-78,1261	36,056
6320	2,7	-78,5781	36,0564
6321	2,8	-78,5781	36,0564
6324	10	-78,4563	36,0566
6325	10,6	-78,4563	36,0566
6348	5,5	-77,6822	36,0593
6349	6,6	-77,1776	36,0595
6351	14,8	-78,1804	36,0605
6352	15,6	-78,1804	36,0605
6356	1,7	-76,7734	36,0614
6357	0	-77,0833	36,0615
6358	27,2	-77,9865	36,0619
6376	2,5	-76,5806	36,0682
6377	11,7	-77,9455	36,0683
6385	4,7	-78,3812	36,0704
6386	5	-78,3812	36,0704
6387	4,3	-78,0993	36,0704
6388	4,5	-78,0993	36,0704
6393	1,5	-78,5406	36,0709
6394	1,5	-78,5406	36,0709
6395	5,3	-78,0171	36,071
6396	5,6	-78,0171	36,071
6399	2,3	-76,5064	36,0711
6400	11,9	-78,1378	36,0713
6401	12,5	-78,1378	36,0713
6402	2,1	-77,9279	36,0713
6415	7,6	-77,8699	36,072
6416	3,2	-76,6477	36,072
6420	7,1	-78,3018	36,0722
6421	7,4	-78,3018	36,0722
6426	7,7	-78,2596	36,0735
6427	8,1	-78,2596	36,0735
6430	4,2	-78,4809	36,0743
6431	4,4	-78,4809	36,0743
6432	7,2	-78,0864	36,0751
6433	7,6	-78,0864	36,0751
6438	9,1	-78,0733	36,0758
6439	9,6	-78,0733	36,0758
6454	1,7	-77,902	36,0773
6455	2,6	-76,9757	36,0786
6458	29,8	-78,2	36,0791
6459	31,4	-78,2	36,0791
6484	4,2	-77,9306	36,0865
6493	3	-76,6738	36,0874
6499	2,3	-76,8115	36,0882
6502	5,1	-78,6022	36,0888
6503	5,4	-78,6022	36,0888
6506	4,8	-77,9222	36,089
6509	2,8	-76,6408	36,0894
6516	2,4	-76,9408	36,0897
6517	1,9	-77,4774	36,0899
6546	2,1	-78,5603	36,0936
6547	2,2	-78,5603	36,0936
6552	2,3	-77,6248	36,0939
6557	7	-77,6774	36,0949
6583	17	-77,7743	36,1017
6588	2,6	-76,6215	36,1035
6592	6,9	-78,3248	36,1041
6593	7,3	-78,3248	36,1041
6594	8,6	-78,0046	36,1042
6595	9,1	-78,0046	36,1042
6598	2,4	-78,0497	36,1047
6599	2,6	-78,0497	36,1047
6600	54,6	-78,6068	36,1048
6601	57,5	-78,6068	36,1048
6604	16	-77,8143	36,1049
6605	0,6	-76,5291	36,1056
6608	7,1	-78,4715	36,1059
6609	7,5	-78,4715	36,1059
6614	19,3	-77,8417	36,1073
6616	1,7	-76,7768	36,1079
6621	6,2	-77,9886	36,1085
6628	1,3	-77,0279	36,1095
6633	6,6	-78,3923	36,1101
6634	6,9	-78,3923	36,1101
6636	6,5	-78,1338	36,1109
6637	6,9	-78,1338	36,1109
6643	2,6	-76,4862	36,1129
6652	12,4	-77,7831	36,1149
6655	7,6	-78,2719	36,1153
6656	7,9	-78,2719	36,1153
6663	2,7	-78,2358	36,1165
6664	2,8	-78,2358	36,1165
6665	8,6	-78,0488	36,1165
6666	9	-78,0488	36,1165
6669	10,1	-78,6195	36,1172
6670	10,7	-78,6195	36,1172
6673	2,2	-76,629	36,1176
6681	1,6	-76,9701	36,1192
6690	25,3	-78,1356	36,1198
6691	26,6	-78,1356	36,1198
6692	9,9	-77,8409	36,1198
6699	1,5	-78,515	36,1212
6700	1,6	-78,515	36,1212
6703	7,4	-78,0746	36,1215
6704	7,7	-78,0746	36,1215
6719	7,5	-77,3517	36,1242
6726	9,3	-78,0251	36,1256
6727	9,8	-78,0251	36,1256
6736	2,7	-77,9566	36,1277
6738	2,2	-76,6622	36,129
6742	1,8	-77,6886	36,1307
6745	6,2	-77,88	36,1312
6754	2,7	-77,1876	36,1329
6769	7,1	-78,3699	36,1348
6770	7,5	-78,3699	36,1348
6772	1,9	-76,9029	36,1349
6775	5,4	-78,3212	36,1364
6776	5,7	-78,3212	36,1364
6777	3,1	-77,9129	36,1369
6812	7,7	-77,7427	36,1419
6821	8,4	-77,6148	36,1431
6838	7,5	-77,9827	36,1452
6841	10,1	-78,0999	36,1453
6842	10,6	-78,0999	36,1453
6843	4,2	-78,0575	36,1459
6844	4,4	-78,0575	36,1459
6845	5,8	-78,5437	36,146
6846	6,1	-78,5437	36,146
6847	4,2	-77,3485	36,1467
6852	4,4	-78,4819	36,1481
6853	4,6	-78,4819	36,1481
6862	7,6	-78,4121	36,1494
6863	8	-78,4121	36,1494
6871	6,6	-78,2935	36,1514
6872	6,9	-78,2935	36,1514
6875	4,3	-77,485	36,1521
6878	2,2	-78,2388	36,1527
6879	2,3	-78,2388	36,1527
6892	8,2	-77,8523	36,1551
6899	5	-77,0748	36,1575
6904	1,8	-78,4045	36,1599
6905	1,9	-78,4045	36,1599
6935	2,2	-78,0078	36,1659
6936	3,9	-78,0078	36,1659
6937	1,5	-76,4756	36,1659
6944	5,5	-78,123	36,1684
6945	5,8	-78,123	36,1684
6950	3,3	-77,0004	36,1696
6975	2,2	-78,4888	36,1718
6976	2,3	-78,4888	36,1718
6987	11,8	-77,6151	36,1743
6988	3,9	-78,4206	36,1749
6989	4,1	-78,4206	36,1749
6995	6,2	-78,1901	36,1757
6996	6,5	-78,1901	36,1757
7003	13,2	-77,7333	36,1762
7008	3,2	-77,0919	36,1777
7016	13,5	-77,7828	36,178
7017	2,3	-77,1817	36,1784
7024	5,6	-78,454	36,1796
7025	5,9	-78,454	36,1796
7026	2,8	-77,8987	36,1799
7043	6,9	-78,5922	36,1815
7044	7,3	-78,5922	36,1815
7045	17,2	-77,8152	36,1816
7046	7,8	-78,3013	36,1819
7047	8,3	-78,3013	36,1819
7054	4,1	-78,5583	36,1823
7055	4,3	-78,5583	36,1823
7063	6,9	-77,7224	36,1842
7068	8,4	-78,3639	36,1856
7069	8,9	-78,3639	36,1856
7070	2,9	-77,4731	36,1856
7071	3,3	-76,6602	36,1859
7072	5,5	-76,5617	36,1859
7078	4,9	-77,2343	36,1877
7081	1,4	-76,8931	36,1883
7082	2,6	-78,2022	36,1885
7083	2,7	-78,2022	36,1885
7102	23,9	-78,3242	36,1915
7103	25,2	-78,3242	36,1915
7104	2,4	-77,3872	36,1915
7107	11	-78,5134	36,1919
7108	11,5	-78,5134	36,1919
7113	4,3	-77,6833	36,1925
7135	3,1	-76,8505	36,1939
7140	4,5	-78,4048	36,1942
7141	4,8	-78,4048	36,1942
7142	1,8	-76,929	36,1945
7143	2,3	-77,4567	36,1956
7152	3,4	-77,9333	36,1969
7153	2,9	-78,249	36,1973
7154	3	-78,249	36,1973
7173	2,8	-76,7879	36,1997
7194	4	-78,0078	36,2024
7207	5,7	-78,3563	36,2035
7208	6	-78,3563	36,2035
7211	9	-76,552	36,2057
7218	12,1	-77,6148	36,2073
7221	1,2	-77,0263	36,2077
7226	9,5	-78,1096	36,2081
7227	10	-78,1096	36,2081
7233	8,7	-77,3089	36,2089
7234	3,8	-78,1042	36,2093
7235	4	-78,1042	36,2093
7236	3,5	-77,9222	36,2097
7237	25,9	-77,7275	36,2098
7244	1,8	-78,2262	36,211
7245	1,9	-78,2262	36,211
7250	6,2	-78,297	36,2123
7251	6,5	-78,297	36,2123
7256	6,6	-78,1342	36,2133
7257	7	-78,1342	36,2133
7263	1,8	-76,9961	36,2161
7264	3,4	-78,4781	36,2167
7265	3,6	-78,4781	36,2167
7266	3,7	-78,0332	36,217
7267	3,9	-78,0332	36,217
7272	4,3	-77,5676	36,2181
7273	2,8	-76,6551	36,2182
7274	3,1	-77,3938	36,2184
7282	32,4	-77,7298	36,2194
7285	4,3	-77,5807	36,2204
7286	4,7	-78,4223	36,2206
7287	5	-78,4223	36,2206
7294	3,4	-76,8255	36,2216
7296	3,6	-78,4121	36,2217
7297	3,8	-78,4121	36,2217
7298	5,1	-78,1436	36,223
7299	5,4	-78,1436	36,223
7304	4,3	-78,4499	36,2236
7305	4,5	-78,4499	36,2236
7306	4,8	-78,5737	36,2237
7307	5	-78,5737	36,2237
7312	12,7	-77,4282	36,2248
7315	5,2	-77,2967	36,2253
7318	4,8	-78,3903	36,2258
7319	5	-78,3903	36,2258
7322	4,6	-77,3672	36,2274
7324	3,6	-77,5447	36,2278
7325	33,1	-77,807	36,2279
7326	4,5	-76,5633	36,228
7334	1,7	-78,014	36,2297
7335	1,8	-78,014	36,2297
7336	29,3	-77,7688	36,2303
7339	1,9	-78,0638	36,2304
7340	2	-78,0638	36,2304
7351	1,6	-77,9708	36,2324
7354	2	-77,951	36,2326
7359	5,1	-76,6365	36,2327
7366	1,6	-78,6209	36,2344
7367	1,7	-78,6209	36,2344
7397	6,3	-78,2805	36,2387
7398	6,6	-78,2805	36,2387
7407	6,7	-78,2636	36,2408
7408	7,1	-78,2636	36,2408
7409	8	-77,7213	36,241
7422	4,3	-77,3501	36,2429
7427	4,6	-77,5449	36,244
7429	4,7	-78,3593	36,2452
7430	5	-78,3593	36,2452
7436	2,6	-76,8247	36,2459
7439	1,2	-78,1613	36,2471
7440	1,2	-78,1613	36,2471
7443	11,5	-78,4467	36,2474
7444	12,1	-78,4467	36,2474
7447	2,1	-76,5089	36,2478
7452	3,2	-77,3387	36,2489
7453	4,3	-77,5543	36,2492
7458	1,8	-78,4828	36,2501
7459	1,9	-78,4828	36,2501
7460	5,9	-78,2598	36,2501
7461	6,2	-78,2598	36,2501
7462	4,2	-77,1785	36,2504
7467	4,1	-77,2225	36,2512
7468	3,3	-76,7548	36,2512
7473	3,3	-77,9226	36,2517
7483	3,7	-76,664	36,2534
7486	3,8	-77,0018	36,2536
7495	8,1	-77,8911	36,2552
7504	8,1	-77,7593	36,2569
7515	1,6	-78,0034	36,2583
7516	1,7	-78,0034	36,2583
7517	2,9	-77,071	36,2583
7532	2,6	-76,6392	36,2592
7534	1,8	-76,618	36,26
7541	4,5	-77,3701	36,2616
7544	2,2	-77,9374	36,2624
7552	6,3	-78,3908	36,2631
7553	6,6	-78,3908	36,2631
7562	8,9	-77,1685	36,265
7563	5,7	-77,3302	36,2654
7584	1,8	-78,5861	36,2668
7585	1,9	-78,5861	36,2668
7590	1,7	-76,8007	36,2676
7596	3,9	-78,5659	36,2681
7597	4,2	-78,5659	36,2681
7609	7,4	-78,2699	36,2691
7610	7,7	-78,2699	36,2691
7613	12,7	-77,7867	36,2704
7614	3,4	-78,1314	36,2706
7615	3,6	-78,1314	36,2706
7616	3,1	-76,5517	36,2708
7617	40,2	-77,825	36,2711
7628	2,4	-78,4487	36,2734
7629	2,5	-78,4487	36,2734
7632	2,6	-78,4871	36,2742
7633	2,7	-78,4871	36,2742
7636	3	-77,048	36,2748
7639	31	-77,7046	36,2753
7645	3,6	-77,4759	36,2758
7648	2,3	-77,1059	36,2765
7651	1,5	-78,6077	36,2768
7652	1,6	-78,6077	36,2768
7658	11,7	-77,8802	36,2778
7663	12,1	-77,7446	36,2784
7666	1,6	-77,9601	36,2794
7669	8,7	-77,0018	36,2797
7673	3	-77,1534	36,28
7674	2,1	-76,5944	36,2801
7675	2,9	-77,1955	36,2806
7685	31	-77,6954	36,2834
7688	7,7	-78,3434	36,2837
7689	8,1	-78,3434	36,2837
7693	3	-76,9471	36,2848
7694	3,3	-78,4351	36,2849
7695	3,5	-78,4351	36,2849
7698	4,2	-77,2545	36,2851
7699	7	-78,3779	36,2855
7700	7,4	-78,3779	36,2855
7701	3	-76,7952	36,2855
7704	3,6	-76,9183	36,286
7711	4,2	-78,0378	36,2865
7712	4,5	-78,0378	36,2865
7713	3,3	-76,6469	36,2867
7716	2	-78,186	36,2874
7717	2,2	-78,186	36,2874
7735	1,3	-78,0124	36,29
7736	1,4	-78,0124	36,29
7743	10,1	-77,8152	36,2915
7760	4,9	-77,3033	36,2945
7761	2,4	-78,0668	36,2948
7762	2,6	-78,0668	36,2948
7763	1,9	-77,9217	36,2948
7772	9,8	-78,2914	36,2977
7773	10,3	-78,2914	36,2977
7778	9,4	-78,2374	36,2988
7779	9,9	-78,2374	36,2988
7780	2,7	-76,6388	36,2991
7796	8,6	-77,6684	36,302
7797	0,1	-77,1382	36,3024
7800	3,8	-76,621	36,3028
7809	1	-78,4512	36,3036
7810	1	-78,4512	36,3036
7815	3,3	-76,4987	36,3042
7818	4,7	-78,0575	36,3046
7819	4,9	-78,0575	36,3046
7820	3,6	-77,3834	36,3049
7829	26	-77,7201	36,3066
7830	23,3	-77,636	36,3066
7833	2	-78,0498	36,3075
7834	2,1	-78,0498	36,3075
7839	3,5	-76,9894	36,308
7840	4,7	-78,0961	36,3081
7841	4,9	-78,0961	36,3081
7848	4,3	-76,5468	36,3088
7856	1,6	-77,9802	36,3105
7861	3,5	-77,19	36,3107
7862	4,7	-78,5034	36,3113
7863	4,9	-78,5034	36,3113
7864	2,3	-77,3449	36,3114
7865	1,2	-77,9512	36,3121
7868	3,1	-76,6541	36,3128
7869	5,5	-77,6987	36,3131
7878	3,6	-78,5619	36,3143
7879	3,8	-78,5619	36,3143
7882	8,9	-78,5323	36,3146
7883	9,4	-78,5323	36,3146
7890	4,8	-78,319	36,3154
7891	5	-78,319	36,3154
7894	3,1	-76,9358	36,3164
7895	21,7	-77,7196	36,3166
7898	5,2	-78,089	36,3176
7899	5,5	-78,089	36,3176
7902	1,5	-77,9745	36,3188
7913	1	-78,4577	36,3214
7914	1,1	-78,4577	36,3214
7917	22,9	-77,592	36,3217
7922	5,7	-78,2834	36,3226
7923	6	-78,2834	36,3226
7926	2,1	-76,8303	36,323
7929	5,1	-77,0885	36,3236
7934	2,5	-78,4712	36,3249
7935	2,7	-78,4712	36,3249
7938	4,3	-78,2758	36,3262
7939	4,6	-78,2758	36,3262
7940	33,6	-77,8703	36,327
7941	5,6	-77,1561	36,3278
7942	2,9	-76,5856	36,3282
7947	2,8	-78,2361	36,3286
7948	2,9	-78,2361	36,3286
7955	1,9	-77,0362	36,3294
7960	9,8	-77,9259	36,3305
7961	3,3	-76,5234	36,3306
7970	18,4	-77,8481	36,3311
7973	4,2	-76,4998	36,3313
7980	19,2	-77,7577	36,3316
7988	3,5	-77,2813	36,3326
7990	0	-76,9713	36,3329
7993	11,5	-77,9374	36,333
7996	7,3	-77,9133	36,3331
8001	2,1	-78,5937	36,3343
8002	2,2	-78,5937	36,3343
8009	2,6	-77,4681	36,3347
8012	3,9	-77,5283	36,3351
8023	3,3	-78,1756	36,3368
8024	3,5	-78,1756	36,3368
8027	5,6	-78,3225	36,3372
8028	5,9	-78,3225	36,3372
8035	19,8	-77,6029	36,3387
8036	22,4	-78,113	36,3388
8037	23,6	-78,113	36,3388
8038	1,5	-77,9918	36,3389
8044	17,4	-77,7543	36,3404
8053	2,6	-77,3718	36,3433
8054	2,3	-76,4765	36,3434
8059	5,8	-78,147	36,3452
8060	6,1	-78,147	36,3452
8061	29,1	-77,7065	36,3454
8066	3,1	-76,6388	36,3461
8071	2,4	-77,2571	36,3469
8072	8,3	-77,6793	36,3471
8073	2,9	-76,6634	36,3477
8076	13,1	-77,975	36,3479
8077	11,4	-77,7527	36,3484
8078	4,4	-77,2153	36,3487
8079	2,4	-77,3345	36,3491
8084	21,5	-77,0946	36,3501
8085	5,3	-78,0187	36,3507
8086	5,6	-78,0187	36,3507
8089	3,1	-78,1359	36,3508
8090	3,3	-78,1359	36,3508
8116	2,9	-78,1903	36,3543
8117	3	-78,1903	36,3543
8118	3,4	-78,5675	36,3547
8119	3,6	-78,5675	36,3547
8134	3,1	-76,5845	36,3562
8135	2,1	-78,4266	36,3567
8136	2,2	-78,4266	36,3567
8148	2,7	-76,8754	36,3593
8151	3,7	-77,014	36,36
8154	3,2	-76,9697	36,3612
8155	7,1	-78,2728	36,3614
8156	7,4	-78,2728	36,3614
8167	14,1	-77,6578	36,3635
8175	3,3	-76,6223	36,3645
8182	36,2	-78,0185	36,3659
8183	38,1	-78,0185	36,3659
8184	7,6	-78,3031	36,3661
8185	8	-78,3031	36,3661
8186	5	-78,225	36,3661
8187	5,2	-78,225	36,3661
8197	4,7	-77,9491	36,3679
8204	3,5	-78,4082	36,3686
8205	3,7	-78,4082	36,3686
8208	2,8	-77,5232	36,369
8209	2,4	-77,091	36,3693
8212	16	-77,8349	36,3694
8221	4,2	-76,9351	36,3719
8222	6	-78,2348	36,3721
8223	6,3	-78,2348	36,3721
8236	5,2	-77,8945	36,3737
8238	4,7	-78,1679	36,3747
8239	4,9	-78,1679	36,3747
8242	6,5	-77,5887	36,3748
8251	8,6	-77,7344	36,3761
8252	3	-77,1618	36,3762
8259	2,1	-77,2736	36,3774
8260	2,7	-77,8518	36,378
8261	25,8	-77,9793	36,3783
8262	4,1	-78,518	36,3793
8263	4,3	-78,518	36,3793
8264	11,8	-77,8717	36,3794
8265	1,9	-78,503	36,3798
8266	2	-78,503	36,3798
8267	3,4	-77,2073	36,3804
8274	2	-78,446	36,3814
8275	2,1	-78,446	36,3814
8282	13,1	-77,7588	36,3827
8287	6,7	-77,4485	36,384
8290	2,9	-78,3928	36,3848
8291	3	-78,3928	36,3848
8296	5	-78,319	36,3857
8297	5,2	-78,319	36,3857
8300	3,2	-76,6982	36,386
8301	3,8	-77,919	36,3861
8302	2,9	-77,2345	36,3862
8303	4,3	-78,2134	36,3864
8304	4,6	-78,2134	36,3864
8307	3,2	-77,0552	36,3866
8314	3,2	-76,5938	36,388
8319	1,9	-77,9362	36,3883
8322	2,2	-78,2628	36,3885
8323	2,3	-78,2628	36,3885
8324	2	-78,4871	36,3897
8325	2,1	-78,4871	36,3897
8332	4	-77,1335	36,39
8333	6,2	-78,135	36,3902
8334	6,5	-78,135	36,3902
8343	2,3	-77,4016	36,392
8348	7,2	-78,2008	36,3934
8349	7,6	-78,2008	36,3934
8350	3,3	-77,3062	36,3942
8359	5,7	-78,1661	36,3961
8360	6	-78,1661	36,3961
8363	4,7	-78,147	36,3963
8364	4,9	-78,147	36,3963
8369	3,6	-76,9665	36,3982
8376	1,1	-77,0701	36,399
8377	18	-77,6662	36,3992
8378	7,1	-78,2669	36,3996
8379	7,5	-78,2669	36,3996
8382	2,3	-76,7468	36,3998
8387	10	-78,0298	36,4021
8388	10,5	-78,0298	36,4021
8392	5,6	-78,359	36,403
8393	5,9	-78,359	36,403
8396	24,7	-77,72	36,4033
8401	2	-78,5488	36,4036
8402	2,1	-78,5488	36,4036
8403	5,4	-77,3732	36,4037
8414	1,6	-77,9516	36,4044
8424	4,1	-77,4995	36,4066
8429	40,6	-78,113	36,4073
8430	42,8	-78,113	36,4073
8435	5,9	-77,2887	36,4086
8451	5,1	-77,1382	36,4098
8452	17,5	-78,0763	36,4105
8453	18,4	-78,0763	36,4105
8454	7,7	-77,6199	36,4106
8456	3,1	-76,6	36,411
8457	5,3	-78,232	36,4111
8458	5,6	-78,232	36,4111
8465	3,7	-77,1704	36,4122
8471	2,7	-78,6051	36,4129
8472	2,8	-78,6051	36,4129
8473	3	-76,6488	36,4131
8476	3,4	-77,2487	36,4138
8483	3,7	-77,0521	36,4155
8486	10,3	-77,7695	36,4164
8489	6,5	-78,2064	36,4173
8490	6,9	-78,2064	36,4173
8495	5,9	-78,0172	36,4189
8496	6,2	-78,0172	36,4189
8497	7,6	-77,736	36,4189
8506	3,8	-77,5876	36,42
8509	17,1	-77,8314	36,4209
8510	2,6	-76,8894	36,4209
8513	2,5	-76,7841	36,4222
8516	11,8	-78,0457	36,424
8517	12,4	-78,0457	36,424
8524	4,3	-78,0621	36,425
8525	4,5	-78,0621	36,425
8528	2,4	-78,4591	36,4251
8529	2,5	-78,4591	36,4251
8536	4,3	-77,7329	36,4259
8552	3,5	-76,8471	36,4277
8553	1,8	-78,5145	36,4281
8554	1,9	-78,5145	36,4281
8557	11	-77,7146	36,4286
8566	5,9	-77,4668	36,4301
8569	3,5	-77,5101	36,4312
8570	2,6	-77,3723	36,4316
8575	10	-77,6541	36,4323
8578	2,8	-77,5455	36,4329
8589	1,5	-78,5427	36,4343
8590	1,5	-78,5427	36,4343
8596	4,8	-77,1378	36,4355
8597	10,7	-77,1308	36,4359
8598	2,6	-77,4016	36,4361
8603	3,5	-77,8834	36,4383
8604	25,8	-77,839	36,4387
8609	4,5	-76,8971	36,4403
8617	3,6	-76,5982	36,4412
8621	3,2	-77,0444	36,4417
8622	3,4	-77,1738	36,4418
8631	2,2	-78,4045	36,4432
8632	2,4	-78,4045	36,4432
8637	23,2	-77,7897	36,4436
8638	2,3	-77,2193	36,4444
8641	1,6	-78,6106	36,4449
8642	1,7	-78,6106	36,4449
8648	18,3	-78,0872	36,4461
8649	19,3	-78,0872	36,4461
8650	1,5	-78,5908	36,4467
8651	1,6	-78,5908	36,4467
8666	1,7	-77,2498	36,4495
8669	5,2	-77,5979	36,4508
8674	4	-78,2522	36,4512
8675	4,2	-78,2522	36,4512
8686	2,7	-77,3988	36,4529
8687	7,4	-77,3156	36,453
8688	4,1	-77,9308	36,4535
8689	3,1	-76,7267	36,4538
8692	2,3	-77,972	36,4542
8693	2,1	-77,2062	36,4549
8694	1,6	-78,5083	36,455
8695	1,7	-78,5083	36,455
8704	9,7	-78,4692	36,4574
8705	10,2	-78,4692	36,4574
8712	13,6	-77,7022	36,458
8720	2	-77,5015	36,4591
8721	3	-76,7536	36,4596
8728	2,5	-77,1147	36,4611
8733	3,5	-77,4499	36,4615
8736	3,8	-76,5598	36,4628
8748	3,6	-76,8013	36,4654
8751	14,8	-78,0267	36,4657
8752	15,5	-78,0267	36,4657
8767	3,5	-76,6396	36,468
8768	4,3	-77,1422	36,4681
8774	4,7	-77,8152	36,4698
8781	5,3	-78,1237	36,4712
8782	5,6	-78,1237	36,4712
8789	9,1	-77,9037	36,4727
8803	6,1	-78,2601	36,4768
8804	6,4	-78,2601	36,4768
8805	2,6	-76,7623	36,4769
8808	8,2	-77,1457	36,4771
8825	2,9	-76,9996	36,4806
8828	4,2	-77,0355	36,4809
8838	5,4	-77,6346	36,4819
8839	1,1	-78,5692	36,4825
8840	1,2	-78,5692	36,4825
8843	4,4	-78,4436	36,4832
8844	4,7	-78,4436	36,4832
8845	1,3	-78,5111	36,4838
8846	1,4	-78,5111	36,4838
8847	2,9	-78,215	36,4839
8848	3,1	-78,215	36,4839
8851	3,5	-77,0529	36,4848
8870	1,5	-78,6169	36,4875
8871	1,6	-78,6169	36,4875
8872	3,3	-76,5765	36,4875
8873	3,8	-76,6803	36,4878
8881	7,5	-78,2434	36,4897
8882	7,9	-78,2434	36,4897
8885	6,9	-78,0888	36,4901
8886	7,2	-78,0888	36,4901
8891	4,4	-78,2586	36,4903
8892	4,6	-78,2586	36,4903
8893	7	-77,67	36,4911
8905	3,8	-77,1735	36,4941
8907	8,3	-78,1398	36,4946
8908	8,8	-78,1398	36,4946
8911	1,5	-78,4871	36,4947
8912	1,6	-78,4871	36,4947
8917	8,1	-78,281	36,4952
8918	8,5	-78,281	36,4952
8921	6,9	-77,2616	36,4958
8924	2,4	-77,3102	36,4975
8931	3,5	-76,7831	36,4999
8932	1,4	-78,5899	36,5
8933	1,5	-78,5899	36,5
8934	2,4	-78,293	36,5001
8935	2,6	-78,293	36,5001
8944	7,2	-77,6857	36,5014
8961	3,6	-77,5105	36,5034
8962	4	-76,7488	36,5035
8965	3,9	-78,3121	36,5036
8966	4,1	-78,3121	36,5036
8980	2,6	-76,8795	36,5051
8985	3,3	-77,5488	36,5057
8988	2	-77,4107	36,5067
8989	4,8	-77,052	36,5067
8990	3,5	-77,4586	36,5071
8998	4,1	-77,5434	36,5091
8999	2,5	-77,6326	36,5094
9000	7,1	-78,08	36,5096
9001	7,5	-78,08	36,5096
9004	3,6	-76,6324	36,5104
9009	45,2	-78,0621	36,5113
9010	47,6	-78,0621	36,5113
9011	3,8	-77,6858	36,5113
